6 6 6 6 6 6 6 3 0 0 0 0 0 0 0 3 6 6 6 6 6 6 6
6 6 6 6 6 6 6 2 0 0 0 0 0 0 0 2 6 6 6 6 6 6 6
6 6 6 6 6 6 6 3 0 0 0 0 0 0 0 3 6 6 6 6 6 6 6
6 6 6 6 6 6 6 2 0 0 0 0 0 0 0 2 6 6 6 6 6 6 6
6 6 6 6 6 6 6 3 0 0 0 0 0 0 0 3 6 6 6 6 6 6 6
6 6 6 6 6 6 6 2 0 0 0 0 0 0 0 2 6 6 6 6 6 6 6
6 6 6 6 6 6 6 3 0 0 0 0 0 0 0 3 6 6 6 6 6 6 6
6 6 6 6 6 6 6 2 0 0 0 0 0 0 0 2 6 6 6 6 6 6 6
6 6 6 6 6 6 6 3 0 0 0 0 0 0 0 3 6 6 6 6 6 6 6
6 6 6 6 6 6 6 2 0 0 0 0 0 0 0 2 6 6 6 6 6 6 6
6 6 6 6 6 6 6 3 0 0 0 0 0 0 0 3 6 6 6 6 6 6 6
6 6 6 6 6 6 6 2 0 0 0 0 0 0 0 2 6 6 6 6 6 6 6
6 6 6 6 6 6 6 3 0 0 0 0 0 0 0 3 6 6 6 6 6 6 6
6 6 6 6 6 6 6 2 0 0 0 0 0 0 0 2 6 6 6 6 6 6 6
6 6 6 6 6 6 6 3 0 0 0 0 0 0 0 3 6 6 6 6 6 6 6
6 6 6 6 6 6 6 2 0 0 0 0 0 0 0 2 6 6 6 6 6 6 6
6 6 6 6 6 6 6 3 0 0 0 0 0 0 0 3 6 6 6 6 6 6 6
6 6 6 6 6 6 6 2 0 0 0 0 0 0 0 2 6 6 6 6 6 6 6
6 6 6 6 6 6 6 3 0 0 0 0 0 0 0 3 6 6 6 6 6 6 6
6 6 6 6 6 6 6 2 0 0 0 0 0 0 0 2 6 6 6 6 6 6 6
6 6 6 6 6 6 6 3 0 0 0 0 0 0 0 3 6 6 6 6 6 6 6
6 6 6 6 6 6 6 2 0 0 0 0 0 0 0 2 6 6 6 6 6 6 6
6 6 6 6 6 6 6 3 0 0 0 0 0 0 0 3 6 6 6 6 6 6 6
6 6 6 6 6 6 6 2 0 0 0 0 0 0 0 2 6 6 6 6 6 6 6
6 6 6 6 6 6 6 3 0 0 0 0 0 0 0 3 6 6 6 6 6 6 6
6 6 6 6 6 6 6 2 0 0 0 0 0 0 0 2 6 6 6 6 6 6 6
6 6 6 6 6 6 6 3 0 0 0 0 0 0 0 3 6 6 6 6 6 6 6
6 6 6 6 6 6 6 2 0 0 0 0 0 0 0 2 6 6 6 6 6 6 6
6 6 6 6 6 6 6 3 0 0 0 0 0 0 0 3 6 6 6 6 6 6 6
6 6 6 6 6 6 6 2 0 0 0 0 0 0 0 2 6 6 6 6 6 6 6
6 6 6 6 6 6 6 3 0 0 0 0 0 0 0 3 6 6 6 6 6 6 6
6 6 6 6 6 6 6 2 0 0 0 0 0 0 0 2 6 6 6 6 6 6 6
6 6 6 6 6 6 6 3 0 0 0 0 0 0 0 3 6 6 6 6 6 6 6
6 6 6 6 6 6 6 2 0 0 0 0 0 0 0 2 6 6 6 6 6 6 6
6 6 6 6 6 6 6 3 0 0 0 0 0 0 0 3 6 6 6 6 6 6 6
6 6 6 6 6 6 6 2 0 0 0 0 0 0 0 2 6 6 6 6 6 6 6